2
1	0.000000 0.000000 2.500000	0. 0. 0.707107 0.707107	0
#1	0.000000 0.000000 2.500000	0.000000 0.000000 0.000000 1.000000 0
#2	-1.123951 -1.209063 6.504495	-0.538134 0.464202 -0.490679 -0.504152 1
#2	-1.123951 -1.209063 6.504495	-0.538134 0.464202 -0.490679 -0.504152 0
#2	-1.123951 -1.209063 15.504495	-0.538134 0.464202 -0.490679 -0.504152 1
2	-1.006423 -1.035482 5.375797	-0.950458 0.014274 -0.309682 -0.022861 1
# with vacancy
#2	-0.960484 -0.762394 6.356747	-0.563955 0.469846 -0.243330 -0.634027 1
#2	-0.962292 -1.064803 5.440580	-0.330205 0.888148 -0.215613 0.235944 1
